训练集混淆矩阵：
              precision    recall  f1-score   support

          00       1.00      1.00      1.00       150
          01       1.00      1.00      1.00       150
          02       1.00      1.00      1.00       150
          03       1.00      1.00      1.00       150
          04       1.00      1.00      1.00       150
          05       1.00      1.00      1.00       150
          06       1.00      1.00      1.00       150
          07       1.00      1.00      1.00       150
          08       1.00      1.00      1.00       150
          09       1.00      1.00      1.00       150
          10       1.00      1.00      1.00       150
          11       1.00      1.00      1.00       150
          12       1.00      1.00      1.00       150
          13       1.00      1.00      1.00       150
          14       1.00      1.00      1.00       150

    accuracy                           1.00      2250
   macro avg       1.00      1.00      1.00      2250
weighted avg       1.00      1.00      1.00      2250

测试集混淆矩阵：
              precision    recall  f1-score   support

          00       0.31      0.44      0.36        66
          01       0.79      0.92      0.85        91
          02       0.52      0.42      0.46       161
          03       0.25      0.43      0.32        60
          04       0.56      0.50      0.53       139
          05       0.59      0.74      0.66       210
          06       0.83      0.94      0.88       178
          07       0.59      0.55      0.57       110
          08       0.70      0.54      0.61       158
          09       0.62      0.65      0.64       224
          10       0.65      0.45      0.53       260
          11       0.63      0.75      0.69       142
          12       0.75      0.66      0.70       206
          13       0.57      0.43      0.49        65
          14       0.64      0.68      0.66       165

    accuracy                           0.62      2235
   macro avg       0.60      0.61      0.60      2235
weighted avg       0.63      0.62      0.62      2235